fault_type=f_f
	fault_time=110.82
		fault_magnitude=0.16
				detect_delay=[0.19 0.16 0.17 0.19 0.19 0.2  0.21 0.18 0.19 0.18], mu=0.186, sigma=0.0136
				estimated_magnitude=[0.1571 0.1592 0.1562 0.1664 0.1631 0.162  0.1634 0.162  0.1632 0.1595], mu=0.1612, sigma=0.003
				mode_accuracy=[0.9974 0.9977 0.9976 0.9976 0.9976 0.9979 0.9977 0.9975 0.9977 0.9976], mu=0.9976, sigma=0.0001
				state_error=[0.005  0.0051 0.006  0.0014 0.0017 0.004  0.0027 0.0023 0.0018 0.006 ], mu=0.0036, sigma=0.0017
		fault_magnitude=0.26
				detect_delay=[0.13 0.14 0.14 0.16 0.1  0.14 0.16 0.12 0.16 0.17], mu=0.142, sigma=0.0204
				estimated_magnitude=[0.259  0.2626 0.2673 0.2626 0.2634 0.269  0.2615 0.2701 0.2699 0.261 ], mu=0.2646, sigma=0.0039
				mode_accuracy=[0.9977 0.9974 0.9979 0.9974 0.9977 0.9976 0.998  0.9974 0.998  0.9976], mu=0.9977, sigma=0.0002
				state_error=[ 0.0048  0.0048  0.0013  0.003   0.0031  0.0012  0.0044 -0.0004 -0.0006
  0.0059], mu=0.0028, sigma=0.0022
		fault_magnitude=0.36
				detect_delay=[0.13 0.13 0.12 0.14 0.12 0.13 0.13 0.15 0.13 0.13], mu=0.131, sigma=0.0083
				estimated_magnitude=[0.3672 0.3658 0.3689 0.3711 0.3676 0.3641 0.371  0.3572 0.3714 0.36  ], mu=0.3664, sigma=0.0046
				mode_accuracy=[0.9976 0.9977 0.9977 0.9975 0.9977 0.9974 0.9976 0.9977 0.9977 0.9975], mu=0.9976, sigma=0.0001
				state_error=[ 0.002   0.0028  0.001   0.0016  0.0026  0.0047  0.0003  0.0065 -0.0004
  0.0044], mu=0.0025, sigma=0.002
	fault_time=140.95
		fault_magnitude=0.16
				detect_delay=[0.17 0.21 0.21 0.2  0.18 0.21 0.2  0.22 0.19 0.17], mu=0.196, sigma=0.0169
				estimated_magnitude=[0.1683 0.1484 0.16   0.1624 0.1662 0.163  0.1659 0.1543 0.1631 0.1616], mu=0.1613, sigma=0.0056
				mode_accuracy=[0.9975 0.9977 0.9977 0.9975 0.9975 0.998  0.9976 0.9975 0.9975 0.9975], mu=0.9976, sigma=0.0002
				state_error=[0.0005 0.0097 0.0036 0.0035 0.0019 0.0022 0.0014 0.0069 0.003  0.003 ], mu=0.0036, sigma=0.0026
		fault_magnitude=0.26
				detect_delay=[0.15 0.15 0.16 0.12 0.14 0.16 0.18 0.16 0.14 0.16], mu=0.152, sigma=0.0154
				estimated_magnitude=[0.2605 0.2611 0.2628 0.291  0.2612 0.2698 0.2618 0.2622 0.253  0.2628], mu=0.2646, sigma=0.0096
				mode_accuracy=[0.9975 0.9976 0.9976 0.9976 0.9975 0.9976 0.9978 0.9976 0.9976 0.9976], mu=0.9976, sigma=0.0001
				state_error=[ 0.0041  0.0051  0.0037 -0.0087  0.0051  0.0012  0.0038  0.0033  0.0082
  0.0031], mu=0.0029, sigma=0.0042
		fault_magnitude=0.36
				detect_delay=[0.12 0.11 0.13 0.13 0.14 0.11 0.14 0.12 0.14 0.11], mu=0.125, sigma=0.012
				estimated_magnitude=[0.3594 0.3655 0.3736 0.3668 0.373  0.3657 0.3666 0.3622 0.3552 0.3655], mu=0.3654, sigma=0.0053
				mode_accuracy=[0.9974 0.9977 0.9976 0.9977 0.9976 0.9977 0.9976 0.9977 0.9972 0.9979], mu=0.9976, sigma=0.0002
				state_error=[0.0058 0.0076 0.0008 0.0047 0.0006 0.002  0.0016 0.0049 0.0072 0.0027], mu=0.0038, sigma=0.0025
	fault_time=174.13
		fault_magnitude=0.16
				detect_delay=[0.2  0.19 0.24 0.2  0.19 0.18 0.22 0.2  0.18 0.2 ], mu=0.2, sigma=0.0173
				estimated_magnitude=[0.16   0.1595 0.1591 0.1599 0.1607 0.1622 0.1598 0.1587 0.1575 0.1619], mu=0.1599, sigma=0.0013
				mode_accuracy=[0.9978 0.9976 0.9979 0.9977 0.9976 0.9978 0.9977 0.9977 0.9977 0.9977], mu=0.9977, sigma=0.0001
				state_error=[0.0037 0.0036 0.0041 0.0026 0.0043 0.0031 0.0045 0.0049 0.0058 0.0045], mu=0.0041, sigma=0.0009
		fault_magnitude=0.26
				detect_delay=[0.16 0.16 0.16 0.17 0.16 0.16 0.17 0.16 0.16 0.17], mu=0.163, sigma=0.0046
				estimated_magnitude=[0.2657 0.2613 0.2627 0.2624 0.2599 0.2626 0.2677 0.2618 0.2594 0.2613], mu=0.2625, sigma=0.0024
				mode_accuracy=[0.9978 0.9979 0.9976 0.9977 0.9975 0.9975 0.9976 0.9975 0.9975 0.9976], mu=0.9976, sigma=0.0001
				state_error=[0.0019 0.0041 0.0036 0.0039 0.0038 0.0027 0.0016 0.0036 0.0041 0.004 ], mu=0.0033, sigma=0.0009
		fault_magnitude=0.36
				detect_delay=[0.15 0.16 0.15 0.15 0.13 0.13 0.14 0.14 0.11 0.14], mu=0.14, sigma=0.0134
				estimated_magnitude=[0.3711 0.363  0.3652 0.3725 0.3631 0.3603 0.3681 0.3598 0.37   0.3661], mu=0.3659, sigma=0.0042
				mode_accuracy=[0.9977 0.9976 0.9976 0.9974 0.9976 0.9978 0.9976 0.9981 0.9978 0.9976], mu=0.9977, sigma=0.0002
				state_error=[0.0013 0.0078 0.0027 0.0032 0.0058 0.0042 0.0036 0.0051 0.0018 0.0033], mu=0.0039, sigma=0.0018
fault_type=f_r
	fault_time=112.05
		fault_magnitude=0.16
				detect_delay=[0.07 0.07 0.08 0.08 0.06 0.08 0.09 0.07 0.07 0.08], mu=0.075, sigma=0.0081
				estimated_magnitude=[0.1578 0.1606 0.1551 0.159  0.1552 0.1564 0.1582 0.1551 0.1577 0.1589], mu=0.1574, sigma=0.0018
				mode_accuracy=[0.9977 0.9972 0.9974 0.9972 0.9972 0.9975 0.9972 0.9974 0.9974 0.9975], mu=0.9974, sigma=0.0002
				state_error=[0.0025 0.0019 0.0036 0.0046 0.0031 0.0046 0.0029 0.0043 0.0029 0.0029], mu=0.0033, sigma=0.0009
		fault_magnitude=0.26
				detect_delay=[0.06 0.05 0.05 0.06 0.06 0.05 0.06 0.06 0.06 0.06], mu=0.057, sigma=0.0046
				estimated_magnitude=[0.2583 0.2563 0.2542 0.2589 0.2588 0.2522 0.2578 0.2559 0.2582 0.2562], mu=0.2567, sigma=0.0021
				mode_accuracy=[0.9976 0.9973 0.9971 0.9974 0.9974 0.9975 0.9972 0.9973 0.9974 0.9972], mu=0.9973, sigma=0.0001
				state_error=[0.0034 0.0049 0.0067 0.003  0.0059 0.0059 0.0063 0.0067 0.0037 0.007 ], mu=0.0054, sigma=0.0014
		fault_magnitude=0.36
				detect_delay=[0.05 0.05 0.05 0.05 0.05 0.05 0.05 0.05 0.05 0.05], mu=0.05, sigma=0.0
				estimated_magnitude=[0.3592 0.3575 0.3593 0.3604 0.3561 0.3606 0.3621 0.3583 0.3562 0.3551], mu=0.3585, sigma=0.0021
				mode_accuracy=[0.9972 0.997  0.9971 0.997  0.9972 0.9971 0.9973 0.9971 0.997  0.9971], mu=0.9971, sigma=0.0001
				state_error=[0.006  0.0089 0.0089 0.0044 0.0064 0.0044 0.0048 0.0071 0.0087 0.0067], mu=0.0066, sigma=0.0017
	fault_time=144.93
		fault_magnitude=0.16
				detect_delay=[0.07 0.06 0.07 0.08 0.08 0.08 0.08 0.07 0.07 0.08], mu=0.074, sigma=0.0066
				estimated_magnitude=[0.1569 0.1586 0.1583 0.1582 0.1547 0.1561 0.1559 0.1577 0.156  0.158 ], mu=0.157, sigma=0.0012
				mode_accuracy=[0.9975 0.9973 0.9978 0.9974 0.9976 0.9974 0.9976 0.9975 0.9974 0.9975], mu=0.9975, sigma=0.0001
				state_error=[0.0034 0.0024 0.0028 0.0026 0.0032 0.0022 0.003  0.0025 0.0022 0.0025], mu=0.0027, sigma=0.0004
		fault_magnitude=0.26
				detect_delay=[0.07 0.06 0.06 0.06 0.07 0.05 0.06 0.05 0.07 0.06], mu=0.061, sigma=0.007
				estimated_magnitude=[0.2626 0.2623 0.2589 0.2564 0.2594 0.2552 0.262  0.2578 0.2585 0.2576], mu=0.2591, sigma=0.0024
				mode_accuracy=[0.9973 0.9974 0.9978 0.9973 0.9975 0.9978 0.9974 0.9973 0.9979 0.9976], mu=0.9975, sigma=0.0002
				state_error=[0.0023 0.0039 0.0024 0.0029 0.0031 0.0041 0.0024 0.0028 0.003  0.0033], mu=0.003, sigma=0.0006
		fault_magnitude=0.36
				detect_delay=[0.05 0.05 0.05 0.06 0.06 0.05 0.06 0.05 0.06 0.05], mu=0.054, sigma=0.0049
				estimated_magnitude=[0.3577 0.3598 0.3585 0.3591 0.357  0.361  0.3573 0.3609 0.3609 0.3626], mu=0.3595, sigma=0.0018
				mode_accuracy=[0.9971 0.9974 0.9975 0.9975 0.9975 0.9973 0.9975 0.9972 0.9973 0.9975], mu=0.9974, sigma=0.0001
				state_error=[0.0054 0.005  0.0062 0.0055 0.0047 0.0044 0.005  0.0047 0.0045 0.0046], mu=0.005, sigma=0.0005